Entity: Australia
Year: 2020 | Value: 5.38625001907349
Year: 2021 | Value: 5.34109020233154
Year: 2022 | Value: 5.05916023254395